'# AUTO_TUNED': "Optimizado autom\xE1ticamente el 2025-09-05 01:20:02"
control:
  all_red: 1
  control_interval: 12
  max_green: 60
  min_green: 18
  yellow: 3
detectors:
  e2_capacity_per_lane: 6
  e2_ids:
  - E_in_0
  - E_in_1
  - S_in_0
  - S_in_1
  jam_length_thr_m: 20.0
  v_free: 13.9
ppo:
  batch_size: 64
  clip_range: 0.2
  ent_coef: 0.01
  gamma: 0.99
  lr: 0.0003
  n_steps: 2048
  policy: MlpPolicy
reward:
  kappa_backlog: 19
  sat_headway_s: 2.0
  w_backlog: 0.8817222664727197
  w_queue: 0.10299859147790869
  w_served: 0.7664771777810897
  w_spill: 0.4935496864584778
  w_switch: 0.05359237512296397
seeds:
  env: 42
  numpy: 42
  torch: 42
sumo:
  cfg_path: data/sumo/cfg/four_way_1h.sumo.cfg
  gui: false
  step_length: 1.0
train:
  eval_freq: 10000
  max_episode_steps: 360
  n_envs: 1
  total_timesteps: 10000
